id|city|date|actual_mean_temp|actual_min_temp|actual_max_temp|average_min_temp|average_max_temp|record_min_temp|record_max_temp|record_min_temp_year|record_max_temp_year|actual_precipitation|average_precipitation|record_precipitation|reserved1|reserved2|reserved
1|PHX|2014-7-1|98|86|109|82|107|65|115|1927|1990|0.00|0.02|2.68|reserved1|reserved2|reserved
2|PHX|2014-7-2|98|86|109|82|107|65|118|1911|2011|0.00|0.01|2.81|reserved1|reserved2|reserved
3|PHX|2014-7-3|94|79|108|82|107|64|117|1916|1907|0.0|0.02|0.22|reserved1|reserved2|reserved
4|PHX|2014-7-4|90|81|98|83|107|63|118|1912|1989|0.00|0.02|0.22|reserved1|reserved2|reserved
5|PHX|2014-7-5|94|84|103|83|107|63|116|1912|1983|0.01|0.02|0.18|reserved1|reserved2|reserved
6|PHX|2014-7-6|95|84|105|83|107|65|116|1902|1942|0.00|0.02|0.60|reserved1|reserved2|reserved
7|PHX|2014-7-7|98|88|108|83|107|66|115|1915|1905|0.00|0.02|0.75|reserved1|reserved2|reserved
8|PHX|2014-7-8|96|86|105|83|107|67|115|1955|1985|0.0|0.03|0.53|reserved1|reserved2|reserved
9|PHX|2014-7-9|92|83|101|83|107|66|116|1926|1958|0.0|0.02|0.44|reserved1|reserved2|reserved
10|PHX|2014-7-10|96|87|105|83|107|67|115|1926|1958|0.00|0.03|0.64|reserved1|reserved2|reserved
11|PHX|2014-7-11|98|88|107|84|107|68|118|1944|1958|0.00|0.03|0.48|reserved1|reserved2|reserved
12|PHX|2014-7-12|99|88|110|84|107|69|115|1944|2005|0.00|0.03|1.02|reserved1|reserved2|reserved
13|PHX|2014-7-13|95|80|110|84|107|66|114|1944|1989|0.03|0.03|1.30|reserved1|reserved2|reserved
14|PHX|2014-7-14|92|81|103|84|106|68|116|1962|2003|0.02|0.04|1.24|reserved1|reserved2|reserved
15|PHX|2014-7-15|95|86|103|84|106|66|117|1944|1998|0.0|0.04|0.72|reserved1|reserved2|reserved
16|PHX|2014-7-16|96|84|107|84|106|68|118|1907|1925|0.00|0.04|1.48|reserved1|reserved2|reserved
17|PHX|2014-7-17|96|86|105|84|106|65|116|1908|2005|0.00|0.04|1.31|reserved1|reserved2|reserved
18|PHX|2014-7-18|94|83|105|84|106|68|115|1946|1989|0.00|0.04|1.04|reserved1|reserved2|reserved
19|PHX|2014-7-19|96|88|104|84|106|68|116|1913|1989|0.0|0.04|0.80|reserved1|reserved2|reserved
20|PHX|2014-7-20|96|85|106|84|106|67|114|1900|1978|0.00|0.04|1.70|reserved1|reserved2|reserved
21|PHX|2014-7-21|96|85|107|84|106|65|118|1924|2006|0.00|0.05|1.54|reserved1|reserved2|reserved
22|PHX|2014-7-22|101|89|113|84|106|66|116|1924|2006|0.00|0.04|1.15|reserved1|reserved2|reserved
23|PHX|2014-7-23|104|94|114|84|106|69|114|1913|2006|0.00|0.04|0.41|reserved1|reserved2|reserved
24|PHX|2014-7-24|105|93|116|84|106|68|116|1913|2014|0.0|0.04|1.66|reserved1|reserved2|reserved
25|PHX|2014-7-25|98|87|109|84|106|67|115|1897|1943|0.0|0.05|1.10|reserved1|reserved2|reserved
26|PHX|2014-7-26|96|83|108|84|105|65|116|1952|1995|0.0|0.04|1.38|reserved1|reserved2|reserved
27|PHX|2014-7-27|94|83|104|84|105|65|118|1913|1995|0.0|0.04|1.23|reserved1|reserved2|reserved
28|PHX|2014-7-28|96|85|107|84|105|66|121|1913|1995|0.00|0.05|1.90|reserved1|reserved2|reserved
29|PHX|2014-7-29|101|92|110|84|105|68|115|1913|1995|0.00|0.04|2.05|reserved1|reserved2|reserved
30|PHX|2014-7-30|102|92|111|84|105|66|115|1913|1934|0.00|0.04|1.16|reserved1|reserved2|reserved
31|PHX|2014-7-31|98|87|109|84|105|70|115|1921|1972|0.0|0.04|1.33|reserved1|reserved2|reserved
32|PHX|2014-8-1|90|81|99|84|105|68|116|1950|1972|0.0|0.03|1.48|reserved1|reserved2|reserved
33|PHX|2014-8-2|90|78|102|84|105|70|113|1946|1918|0.0|0.04|1.09|reserved1|reserved2|reserved
34|PHX|2014-8-3|92|80|103|84|105|66|114|1956|1975|0.0|0.04|2.12|reserved1|reserved2|reserved
35|PHX|2014-8-4|92|79|105|84|105|68|116|1956|1975|0.00|0.03|0.78|reserved1|reserved2|reserved
36|PHX|2014-8-5|94|83|105|84|105|69|114|1965|1969|0.00|0.04|1.16|reserved1|reserved2|reserved
37|PHX|2014-8-6|96|84|108|84|105|68|114|1949|1995|0.00|0.03|2.01|reserved1|reserved2|reserved
38|PHX|2014-8-7|94|82|105|83|105|66|112|1928|1905|0.00|0.04|0.87|reserved1|reserved2|reserved
39|PHX|2014-8-8|95|85|105|83|105|67|116|1903|2012|0.00|0.03|0.58|reserved1|reserved2|reserved
40|PHX|2014-8-9|94|84|104|83|105|70|114|1930|2012|0.0|0.03|0.45|reserved1|reserved2|reserved
41|PHX|2014-8-10|94|84|104|83|105|68|116|1949|2003|0.00|0.04|0.32|reserved1|reserved2|reserved
42|PHX|2014-8-11|98|87|109|83|105|65|113|1949|1962|0.00|0.03|0.54|reserved1|reserved2|reserved
43|PHX|2014-8-12|88|77|98|83|105|64|115|1949|2012|0.44|0.03|0.84|reserved1|reserved2|reserved
44|PHX|2014-8-13|84|73|95|83|105|69|115|1949|2012|0.11|0.04|0.30|reserved1|reserved2|reserved
45|PHX|2014-8-14|93|83|102|83|105|69|113|1925|1988|0.00|0.03|1.20|reserved1|reserved2|reserved
46|PHX|2014-8-15|94|83|104|83|105|66|112|1968|1992|0.00|0.03|1.84|reserved1|reserved2|reserved
47|PHX|2014-8-16|97|87|106|83|105|64|113|1918|1992|0.00|0.03|1.32|reserved1|reserved2|reserved
48|PHX|2014-8-17|99|88|109|83|104|64|114|1949|2013|0.0|0.03|0.89|reserved1|reserved2|reserved
49|PHX|2014-8-18|91|83|98|83|104|62|112|1918|2011|0.0|0.03|1.73|reserved1|reserved2|reserved
50|PHX|2014-8-19|83|74|91|83|104|63|113|1918|1986|0.43|0.03|0.78|reserved1|reserved2|reserved
51|PHX|2014-8-20|87|75|98|83|104|58|112|1917|1982|0.00|0.04|1.59|reserved1|reserved2|reserved
52|PHX|2014-8-21|81|71|90|82|104|62|110|1916|2007|0.19|0.03|0.72|reserved1|reserved2|reserved
53|PHX|2014-8-22|83|72|93|82|104|65|113|1917|2011|0.00|0.03|0.50|reserved1|reserved2|reserved
54|PHX|2014-8-23|87|76|97|82|104|61|114|1968|2011|0.00|0.03|0.80|reserved1|reserved2|reserved
55|PHX|2014-8-24|91|79|103|82|104|61|115|1965|1985|0.00|0.04|1.16|reserved1|reserved2|reserved
56|PHX|2014-8-25|92|83|101|82|104|65|113|1965|2011|0.00|0.03|0.90|reserved1|reserved2|reserved
57|PHX|2014-8-26|90|80|100|82|104|65|117|1928|2011|0.00|0.03|0.65|reserved1|reserved2|reserved
58|PHX|2014-8-27|93|83|103|82|104|64|113|1920|1981|0.00|0.03|2.43|reserved1|reserved2|reserved
59|PHX|2014-8-28|95|83|106|82|104|64|113|1920|1998|0.00|0.03|0.94|reserved1|reserved2|reserved
60|PHX|2014-8-29|96|83|108|82|104|64|113|1920|1981|0.00|0.03|0.68|reserved1|reserved2|reserved
61|PHX|2014-8-30|97|83|111|81|104|64|113|1920|2011|0.00|0.03|0.34|reserved1|reserved2|reserved
62|PHX|2014-8-31|96|83|109|81|104|62|113|1962|1950|0.00|0.02|0.61|reserved1|reserved2|reserved
63|PHX|2014-9-1|95|81|108|81|104|63|116|1962|1950|0.00|0.03|1.21|reserved1|reserved2|reserved
64|PHX|2014-9-2|96|82|109|81|103|64|112|1964|1982|0.00|0.02|1.36|reserved1|reserved2|reserved
65|PHX|2014-9-3|96|84|108|81|103|64|112|1964|1983|0.00|0.03|0.35|reserved1|reserved2|reserved
66|PHX|2014-9-4|95|83|107|80|103|60|112|1921|1948|0.0|0.02|2.91|reserved1|reserved2|reserved
67|PHX|2014-9-5|91|80|101|80|103|61|113|1912|1945|0.00|0.03|2.43|reserved1|reserved2|reserved
68|PHX|2014-9-6|96|86|105|80|103|63|111|1921|1986|0.00|0.02|0.43|reserved1|reserved2|reserved
69|PHX|2014-9-7|94|84|104|80|102|61|111|1895|1979|0.00|0.03|0.82|reserved1|reserved2|reserved
70|PHX|2014-9-8|81|71|90|80|102|62|110|1912|1979|3.29|0.02|3.29|reserved1|reserved2|reserved
71|PHX|2014-9-9|86|79|92|79|102|61|110|1920|1974|0.0|0.03|0.66|reserved1|reserved2|reserved
72|PHX|2014-9-10|88|79|97|79|102|59|111|1912|1990|0.00|0.02|1.01|reserved1|reserved2|reserved
73|PHX|2014-9-11|90|79|100|79|102|58|112|1912|1990|0.00|0.02|1.08|reserved1|reserved2|reserved
74|PHX|2014-9-12|91|78|104|78|101|58|110|1920|1971|0.00|0.02|1.90|reserved1|reserved2|reserved
75|PHX|2014-9-13|92|83|100|78|101|55|109|1952|2000|0.00|0.02|1.25|reserved1|reserved2|reserved
76|PHX|2014-9-14|92|81|102|78|101|58|112|1915|2000|0.00|0.02|1.50|reserved1|reserved2|reserved
77|PHX|2014-9-15|96|87|105|77|100|53|110|1915|2000|0.00|0.02|0.07|reserved1|reserved2|reserved
78|PHX|2014-9-16|86|80|92|77|100|56|109|1906|1928|0.01|0.03|1.33|reserved1|reserved2|reserved
79|PHX|2014-9-17|84|78|89|77|100|56|109|1906|1962|0.14|0.01|1.19|reserved1|reserved2|reserved
80|PHX|2014-9-18|86|76|96|76|99|58|109|1950|2010|0.00|0.02|1.46|reserved1|reserved2|reserved
81|PHX|2014-9-19|90|82|98|76|99|54|111|1965|2010|0.00|0.02|1.06|reserved1|reserved2|reserved
82|PHX|2014-9-20|90|81|99|76|99|47|107|1965|2010|0.00|0.02|0.49|reserved1|reserved2|reserved
83|PHX|2014-9-21|90|80|99|75|98|47|107|1965|2003|0.00|0.02|0.63|reserved1|reserved2|reserved
84|PHX|2014-9-22|91|80|101|75|98|47|109|1895|1989|0.00|0.02|0.41|reserved1|reserved2|reserved
85|PHX|2014-9-23|90|77|102|75|98|54|108|1965|1982|0.00|0.02|0.72|reserved1|reserved2|reserved
86|PHX|2014-9-24|91|77|104|74|97|55|108|1968|2002|0.00|0.02|0.68|reserved1|reserved2|reserved
87|PHX|2014-9-25|92|81|103|74|97|49|108|1913|1979|0.00|0.01|0.42|reserved1|reserved2|reserved
88|PHX|2014-9-26|92|82|101|73|96|50|108|1900|1989|0.00|0.02|2.62|reserved1|reserved2|reserved
89|PHX|2014-9-27|82|69|95|73|96|51|107|1920|2009|1.64|0.02|1.64|reserved1|reserved2|reserved
90|PHX|2014-9-28|79|71|87|72|96|50|108|1923|1992|0.02|0.02|1.31|reserved1|reserved2|reserved
91|PHX|2014-9-29|78|67|89|72|95|52|107|1923|2003|0.00|0.02|1.66|reserved1|reserved2|reserved
92|PHX|2014-9-30|78|66|89|72|95|49|107|1965|1980|0.00|0.02|0.31|reserved1|reserved2|reserved
93|PHX|2014-10-1|79|67|91|71|94|49|107|1927|1980|0.00|0.02|0.73|reserved1|reserved2|reserved
94|PHX|2014-10-2|81|69|92|71|94|49|107|1927|1980|0.00|0.02|0.60|reserved1|reserved2|reserved
95|PHX|2014-10-3|83|67|99|70|94|49|105|1907|1988|0.00|0.02|1.29|reserved1|reserved2|reserved
96|PHX|2014-10-4|84|69|99|70|93|46|103|1908|1993|0.00|0.02|0.91|reserved1|reserved2|reserved
97|PHX|2014-10-5|83|69|96|69|93|46|104|1908|1987|0.00|0.02|0.60|reserved1|reserved2|reserved
98|PHX|2014-10-6|82|70|93|69|92|46|105|1913|1917|0.00|0.02|1.17|reserved1|reserved2|reserved
99|PHX|2014-10-7|81|72|90|69|92|44|104|1913|1991|0.00|0.02|0.30|reserved1|reserved2|reserved
100|PHX|2014-10-8|76|69|82|68|92|47|104|1913|1950|0.05|0.02|1.04|reserved1|reserved2|reserved
101|PHX|2014-10-9|77|70|84|68|91|48|103|1949|1996|0.0|0.02|0.62|reserved1|reserved2|reserved
102|PHX|2014-10-10|79|69|89|67|91|44|105|1961|1991|0.00|0.01|0.56|reserved1|reserved2|reserved
103|PHX|2014-10-11|81|70|92|67|91|45|102|1920|1991|0.00|0.02|0.31|reserved1|reserved2|reserved
104|PHX|2014-10-12|82|70|94|66|90|44|103|1924|1950|0.00|0.02|0.32|reserved1|reserved2|reserved
105|PHX|2014-10-13|78|65|90|66|90|48|101|1969|1989|0.00|0.02|0.16|reserved1|reserved2|reserved
106|PHX|2014-10-14|80|65|94|66|89|43|100|1920|1973|0.00|0.02|2.32|reserved1|reserved2|reserved
107|PHX|2014-10-15|80|69|90|65|89|41|103|1899|1991|0.00|0.02|0.72|reserved1|reserved2|reserved
108|PHX|2014-10-16|80|67|92|65|89|40|101|1899|1991|0.00|0.01|0.32|reserved1|reserved2|reserved
109|PHX|2014-10-17|80|71|89|64|88|42|102|1938|2009|0.0|0.02|0.28|reserved1|reserved2|reserved
110|PHX|2014-10-18|79|68|90|64|88|43|103|1966|2003|0.00|0.02|0.75|reserved1|reserved2|reserved
111|PHX|2014-10-19|82|69|94|64|87|40|101|1917|2003|0.08|0.02|1.69|reserved1|reserved2|reserved
112|PHX|2014-10-20|78|66|90|63|87|40|103|1949|2003|0.00|0.02|0.41|reserved1|reserved2|reserved
113|PHX|2014-10-21|80|69|91|63|87|39|103|1949|2003|0.00|0.02|0.40|reserved1|reserved2|reserved
114|PHX|2014-10-22|80|67|93|62|86|37|102|1906|2003|0.00|0.02|0.38|reserved1|reserved2|reserved
115|PHX|2014-10-23|81|67|94|62|86|37|100|1906|2003|0.00|0.01|0.52|reserved1|reserved2|reserved
116|PHX|2014-10-24|82|68|96|62|85|41|96|1920|1959|0.00|0.02|0.22|reserved1|reserved2|reserved
117|PHX|2014-10-25|83|70|96|61|85|40|96|1956|1990|0.00|0.02|0.36|reserved1|reserved2|reserved
118|PHX|2014-10-26|80|71|89|61|85|42|98|1920|2001|0.00|0.02|0.33|reserved1|reserved2|reserved
119|PHX|2014-10-27|80|71|88|60|84|39|98|1918|2001|0.00|0.02|1.12|reserved1|reserved2|reserved
120|PHX|2014-10-28|77|65|88|60|84|41|97|1908|2007|0.00|0.01|0.92|reserved1|reserved2|reserved
121|PHX|2014-10-29|78|64|91|60|83|40|95|1971|2007|0.00|0.02|0.48|reserved1|reserved2|reserved
122|PHX|2014-10-30|79|64|94|59|83|34|94|1971|1990|0.00|0.02|1.00|reserved1|reserved2|reserved
123|PHX|2014-10-31|81|67|95|59|83|36|96|1900|1988|0.00|0.02|1.05|reserved1|reserved2|reserved
124|PHX|2014-11-1|76|69|83|58|82|37|96|1971|1924|0.00|0.02|1.25|reserved1|reserved2|reserved
125|PHX|2014-11-2|67|60|73|58|82|34|96|1956|1924|0.00|0.02|0.44|reserved1|reserved2|reserved
126|PHX|2014-11-3|64|53|75|58|81|36|96|1956|2009|0.00|0.02|0.31|reserved1|reserved2|reserved
127|PHX|2014-11-4|67|53|81|57|81|32|95|1956|2001|0.00|0.02|0.32|reserved1|reserved2|reserved
128|PHX|2014-11-5|73|60|85|57|80|32|93|1922|2007|0.00|0.02|0.63|reserved1|reserved2|reserved
129|PHX|2014-11-6|73|60|86|56|80|34|94|1922|2007|0.00|0.02|0.50|reserved1|reserved2|reserved
130|PHX|2014-11-7|72|59|84|56|79|34|92|1947|2007|0.00|0.02|0.39|reserved1|reserved2|reserved
131|PHX|2014-11-8|74|58|90|56|79|32|91|1897|1906|0.00|0.02|0.36|reserved1|reserved2|reserved
132|PHX|2014-11-9|74|61|87|55|79|31|88|1897|1973|0.00|0.02|0.55|reserved1|reserved2|reserved
133|PHX|2014-11-10|72|59|84|55|78|33|91|1948|2009|0.00|0.02|2.24|reserved1|reserved2|reserved
134|PHX|2014-11-11|71|58|84|54|78|35|91|1935|1934|0.00|0.01|1.41|reserved1|reserved2|reserved
135|PHX|2014-11-12|70|60|80|54|77|33|93|1898|1999|0.00|0.02|1.02|reserved1|reserved2|reserved
136|PHX|2014-11-13|71|61|80|54|77|31|91|1938|1999|0.00|0.02|0.96|reserved1|reserved2|reserved
137|PHX|2014-11-14|67|61|73|53|76|28|91|1916|1999|0.00|0.02|1.58|reserved1|reserved2|reserved
138|PHX|2014-11-15|67|57|77|53|76|33|90|1925|1999|0.00|0.02|0.58|reserved1|reserved2|reserved
139|PHX|2014-11-16|62|53|71|52|75|32|89|1916|1999|0.00|0.02|0.94|reserved1|reserved2|reserved
140|PHX|2014-11-17|59|47|71|52|75|32|87|1964|2008|0.00|0.01|0.78|reserved1|reserved2|reserved
141|PHX|2014-11-18|61|47|74|52|74|31|88|1958|2008|0.00|0.02|0.65|reserved1|reserved2|reserved
142|PHX|2014-11-19|62|50|74|51|74|30|88|1921|1897|0.00|0.02|0.65|reserved1|reserved2|reserved
143|PHX|2014-11-20|61|48|74|51|73|31|89|1956|2006|0.00|0.03|1.16|reserved1|reserved2|reserved
144|PHX|2014-11-21|63|53|72|51|73|30|88|1948|1924|0.00|0.02|0.60|reserved1|reserved2|reserved
145|PHX|2014-11-22|59|46|72|50|72|30|89|1953|1950|0.00|0.02|1.60|reserved1|reserved2|reserved
146|PHX|2014-11-23|61|48|74|50|72|27|87|1931|1950|0.00|0.03|0.98|reserved1|reserved2|reserved
147|PHX|2014-11-24|57|42|71|49|72|28|88|1931|1950|0.00|0.03|0.54|reserved1|reserved2|reserved
148|PHX|2014-11-25|58|46|69|49|71|32|88|1938|1950|0.00|0.03|0.64|reserved1|reserved2|reserved
149|PHX|2014-11-26|59|44|74|49|71|32|88|1966|1950|0.00|0.02|1.02|reserved1|reserved2|reserved
150|PHX|2014-11-27|67|47|87|48|70|31|87|1966|2014|0.00|0.03|1.29|reserved1|reserved2|reserved
151|PHX|2014-11-28|68|52|84|48|70|32|86|1896|1901|0.00|0.03|0.51|reserved1|reserved2|reserved
152|PHX|2014-11-29|66|51|80|48|70|29|85|1919|1999|0.00|0.03|0.72|reserved1|reserved2|reserved
153|PHX|2014-11-30|67|53|80|47|69|30|84|1911|1949|0.00|0.02|1.23|reserved1|reserved2|reserved
154|PHX|2014-12-1|62|51|73|47|69|31|83|1918|1949|0.00|0.03|0.40|reserved1|reserved2|reserved
155|PHX|2014-12-2|62|54|70|47|68|30|81|1913|1940|0.03|0.02|0.41|reserved1|reserved2|reserved
156|PHX|2014-12-3|68|60|76|47|68|30|81|1934|1940|0.01|0.03|0.69|reserved1|reserved2|reserved
157|PHX|2014-12-4|64|60|68|46|68|28|83|1909|1979|0.61|0.03|0.91|reserved1|reserved2|reserved
158|PHX|2014-12-5|65|57|72|46|68|25|82|1909|1965|0.00|0.03|0.67|reserved1|reserved2|reserved
159|PHX|2014-12-6|64|57|71|46|67|27|83|1960|1939|0.00|0.03|0.50|reserved1|reserved2|reserved
160|PHX|2014-12-7|64|51|77|46|67|27|83|1948|1939|0.00|0.02|1.08|reserved1|reserved2|reserved
161|PHX|2014-12-8|66|55|76|45|67|24|84|1916|1939|0.00|0.03|1.06|reserved1|reserved2|reserved
162|PHX|2014-12-9|66|54|78|45|67|24|84|1916|1981|0.00|0.03|0.77|reserved1|reserved2|reserved
163|PHX|2014-12-10|66|54|77|45|66|29|87|1967|1950|0.00|0.03|1.12|reserved1|reserved2|reserved
164|PHX|2014-12-11|66|56|76|45|66|26|81|1916|1950|0.00|0.03|0.87|reserved1|reserved2|reserved
165|PHX|2014-12-12|68|57|78|45|66|28|79|1971|2010|0.0|0.03|0.72|reserved1|reserved2|reserved
166|PHX|2014-12-13|59|51|66|45|66|26|82|1911|2010|0.08|0.03|1.04|reserved1|reserved2|reserved
167|PHX|2014-12-14|55|46|63|45|66|24|78|1901|2010|0.00|0.03|1.43|reserved1|reserved2|reserved
168|PHX|2014-12-15|55|46|64|44|66|26|79|1916|1952|0.00|0.03|0.86|reserved1|reserved2|reserved
169|PHX|2014-12-16|57|49|65|44|65|28|86|1931|1980|0.00|0.03|0.26|reserved1|reserved2|reserved
170|PHX|2014-12-17|56|51|61|44|65|28|82|1927|2013|0.07|0.03|1.35|reserved1|reserved2|reserved
171|PHX|2014-12-18|56|50|62|44|65|29|79|1933|1950|0.00|0.03|1.02|reserved1|reserved2|reserved
172|PHX|2014-12-19|55|45|64|44|65|25|79|1968|1917|0.00|0.03|0.98|reserved1|reserved2|reserved
173|PHX|2014-12-20|56|45|66|44|65|24|78|1897|1954|0.00|0.02|0.28|reserved1|reserved2|reserved
174|PHX|2014-12-21|56|47|65|44|65|27|77|1897|1985|0.00|0.03|0.52|reserved1|reserved2|reserved
175|PHX|2014-12-22|57|47|66|44|65|23|79|1897|1917|0.00|0.03|0.96|reserved1|reserved2|reserved
176|PHX|2014-12-23|58|47|68|44|65|26|79|1990|1950|0.00|0.02|0.83|reserved1|reserved2|reserved
177|PHX|2014-12-24|55|43|66|44|65|25|81|1953|1955|0.00|0.03|0.93|reserved1|reserved2|reserved
178|PHX|2014-12-25|55|45|64|44|65|27|78|1953|1950|0.00|0.03|0.63|reserved1|reserved2|reserved
179|PHX|2014-12-26|48|38|57|44|65|22|78|1911|1980|0.00|0.02|0.56|reserved1|reserved2|reserved
180|PHX|2014-12-27|48|35|60|44|65|24|82|1911|1980|0.00|0.03|1.05|reserved1|reserved2|reserved
181|PHX|2014-12-28|48|36|60|44|65|24|78|1954|1917|0.00|0.03|0.79|reserved1|reserved2|reserved
182|PHX|2014-12-29|49|36|61|44|65|26|85|1966|1980|0.00|0.03|0.47|reserved1|reserved2|reserved
183|PHX|2014-12-30|50|37|63|44|65|23|81|1895|1980|0.00|0.03|1.50|reserved1|reserved2|reserved
184|PHX|2014-12-31|43|36|50|44|66|22|79|1900|1897|0.11|0.03|0.80|reserved1|reserved2|reserved
185|PHX|2015-1-1|41|35|46|44|66|24|81|1919|1981|0.00|0.03|0.22|reserved1|reserved2|reserved
186|PHX|2015-1-2|43|31|54|45|66|23|81|1919|1981|0.00|0.03|0.99|reserved1|reserved2|reserved
187|PHX|2015-1-3|44|34|54|45|66|25|79|1950|1956|0.00|0.03|0.82|reserved1|reserved2|reserved
188|PHX|2015-1-4|50|35|65|45|66|23|83|1950|1927|0.00|0.03|0.65|reserved1|reserved2|reserved
189|PHX|2015-1-5|57|40|74|45|66|23|80|1950|1927|0.00|0.03|0.31|reserved1|reserved2|reserved
190|PHX|2015-1-6|62|44|79|45|66|17|81|1913|2006|0.00|0.03|0.76|reserved1|reserved2|reserved
191|PHX|2015-1-7|64|47|81|45|66|16|81|1913|2015|0.00|0.03|0.67|reserved1|reserved2|reserved
192|PHX|2015-1-8|63|54|71|45|66|19|81|1913|2002|0.00|0.03|1.22|reserved1|reserved2|reserved
193|PHX|2015-1-9|63|51|75|45|66|24|84|1964|1923|0.00|0.03|1.18|reserved1|reserved2|reserved
194|PHX|2015-1-10|60|54|65|45|67|25|84|1964|1990|0.0|0.03|1.51|reserved1|reserved2|reserved
195|PHX|2015-1-11|63|54|72|45|67|20|83|1964|1953|0.01|0.03|1.74|reserved1|reserved2|reserved
196|PHX|2015-1-12|62|56|67|45|67|22|80|1962|1996|0.02|0.03|1.04|reserved1|reserved2|reserved
197|PHX|2015-1-13|57|51|63|45|67|20|79|1963|1904|0.11|0.03|0.81|reserved1|reserved2|reserved
198|PHX|2015-1-14|57|46|67|45|67|22|81|1963|2000|0.00|0.04|0.77|reserved1|reserved2|reserved
199|PHX|2015-1-15|60|47|72|46|67|23|81|1964|2000|0.00|0.03|0.69|reserved1|reserved2|reserved
200|PHX|2015-1-16|62|49|74|46|67|22|83|1964|1976|0.00|0.03|1.05|reserved1|reserved2|reserved
201|PHX|2015-1-17|60|47|73|46|67|26|83|1964|1976|0.00|0.03|1.07|reserved1|reserved2|reserved
202|PHX|2015-1-18|62|48|75|46|68|27|80|1915|1971|0.00|0.03|0.51|reserved1|reserved2|reserved
203|PHX|2015-1-19|63|50|75|46|68|27|88|1915|1971|0.00|0.03|0.87|reserved1|reserved2|reserved
204|PHX|2015-1-20|62|48|75|46|68|22|84|1963|1950|0.00|0.03|0.77|reserved1|reserved2|reserved
205|PHX|2015-1-21|64|53|74|46|68|24|81|1922|2014|0.00|0.02|1.33|reserved1|reserved2|reserved
206|PHX|2015-1-22|57|48|65|46|68|21|81|1937|2013|0.00|0.03|0.35|reserved1|reserved2|reserved
207|PHX|2015-1-23|54|43|64|46|68|24|81|1937|2013|0.00|0.03|0.25|reserved1|reserved2|reserved
208|PHX|2015-1-24|64|50|77|46|68|24|80|1937|1951|0.00|0.02|0.51|reserved1|reserved2|reserved
209|PHX|2015-1-25|63|48|78|46|68|23|83|1898|1951|0.00|0.03|0.71|reserved1|reserved2|reserved
210|PHX|2015-1-26|62|53|71|46|68|26|81|1950|1987|0.01|0.03|1.18|reserved1|reserved2|reserved
211|PHX|2015-1-27|64|53|74|47|68|26|82|1950|2003|0.00|0.03|0.87|reserved1|reserved2|reserved
212|PHX|2015-1-28|64|52|75|47|69|30|83|1937|1971|0.00|0.02|0.57|reserved1|reserved2|reserved
213|PHX|2015-1-29|65|58|71|47|69|27|83|1948|1935|0.24|0.03|1.45|reserved1|reserved2|reserved
214|PHX|2015-1-30|58|55|60|47|69|28|82|1970|1935|0.35|0.03|1.19|reserved1|reserved2|reserved
215|PHX|2015-1-31|57|53|60|47|69|27|86|1949|2003|0.07|0.03|0.59|reserved1|reserved2|reserved
216|PHX|2015-2-1|60|50|69|47|69|28|83|1985|2003|0.00|0.03|1.13|reserved1|reserved2|reserved
217|PHX|2015-2-2|61|48|73|47|69|29|82|1922|1925|0.00|0.03|0.35|reserved1|reserved2|reserved
218|PHX|2015-2-3|63|50|76|47|69|28|86|1922|1925|0.00|0.03|1.06|reserved1|reserved2|reserved
219|PHX|2015-2-4|65|52|77|47|69|27|85|1955|1963|0.00|0.02|0.89|reserved1|reserved2|reserved
220|PHX|2015-2-5|67|52|82|47|69|28|87|1964|1963|0.00|0.03|0.82|reserved1|reserved2|reserved
221|PHX|2015-2-6|69|54|84|48|69|28|87|1955|1963|0.00|0.03|0.92|reserved1|reserved2|reserved
222|PHX|2015-2-7|67|53|81|48|70|24|89|1899|1963|0.00|0.03|0.74|reserved1|reserved2|reserved
223|PHX|2015-2-8|69|55|82|48|70|24|86|1933|1970|0.00|0.03|0.83|reserved1|reserved2|reserved
224|PHX|2015-2-9|69|55|83|48|70|28|84|1933|1987|0.00|0.03|0.88|reserved1|reserved2|reserved
225|PHX|2015-2-10|70|57|83|48|70|28|87|1939|1951|0.00|0.03|0.81|reserved1|reserved2|reserved
226|PHX|2015-2-11|68|54|81|48|70|26|83|1933|1951|0.00|0.03|0.77|reserved1|reserved2|reserved
227|PHX|2015-2-12|68|58|78|48|70|28|84|1965|1971|0.00|0.02|0.74|reserved1|reserved2|reserved
228|PHX|2015-2-13|68|55|80|48|70|27|88|1948|1957|0.00|0.03|1.42|reserved1|reserved2|reserved
229|PHX|2015-2-14|69|54|83|49|71|28|85|1966|1957|0.00|0.04|0.92|reserved1|reserved2|reserved
230|PHX|2015-2-15|71|63|79|49|71|26|86|1949|2014|0.00|0.03|0.79|reserved1|reserved2|reserved
231|PHX|2015-2-16|67|55|79|49|71|28|84|1964|1977|0.00|0.03|0.68|reserved1|reserved2|reserved
232|PHX|2015-2-17|66|55|77|49|71|26|88|1910|2014|0.00|0.04|0.57|reserved1|reserved2|reserved
233|PHX|2015-2-18|65|50|79|49|71|29|86|1964|1977|0.00|0.03|0.72|reserved1|reserved2|reserved
234|PHX|2015-2-19|66|52|80|49|71|29|88|1955|1977|0.00|0.04|0.93|reserved1|reserved2|reserved
235|PHX|2015-2-20|67|55|79|50|72|27|87|1955|1977|0.00|0.04|0.55|reserved1|reserved2|reserved
236|PHX|2015-2-21|67|54|79|50|72|29|86|1955|1982|0.00|0.04|0.73|reserved1|reserved2|reserved
237|PHX|2015-2-22|64|56|72|50|72|26|87|1955|1982|0.00|0.04|0.45|reserved1|reserved2|reserved
238|PHX|2015-2-23|65|59|70|50|72|29|89|1955|1989|0.01|0.03|0.94|reserved1|reserved2|reserved
239|PHX|2015-2-24|59|51|67|50|72|29|91|1964|1904|0.0|0.04|1.46|reserved1|reserved2|reserved
240|PHX|2015-2-25|60|47|72|50|72|29|92|1960|1921|0.00|0.04|0.81|reserved1|reserved2|reserved
241|PHX|2015-2-26|64|51|77|51|73|33|91|1919|1986|0.00|0.04|0.62|reserved1|reserved2|reserved
242|PHX|2015-2-27|64|50|78|51|73|28|92|1964|1986|0.00|0.03|0.57|reserved1|reserved2|reserved
243|PHX|2015-2-28|65|60|70|51|73|30|89|1962|1986|0.0|0.04|0.75|reserved1|reserved2|reserved
244|PHX|2015-3-1|69|61|77|51|73|31|89|1964|1986|0.00|0.04|0.94|reserved1|reserved2|reserved
245|PHX|2015-3-2|59|52|66|51|74|30|90|1971|1921|0.23|0.04|0.74|reserved1|reserved2|reserved
246|PHX|2015-3-3|56|47|65|51|74|28|91|1966|1921|0.07|0.04|1.98|reserved1|reserved2|reserved
247|PHX|2015-3-4|59|47|70|52|74|25|88|1966|1972|0.00|0.04|1.16|reserved1|reserved2|reserved
248|PHX|2015-3-5|61|46|75|52|74|31|93|1966|1972|0.00|0.03|0.97|reserved1|reserved2|reserved
249|PHX|2015-3-6|67|51|83|52|74|34|92|1967|1972|0.00|0.04|1.53|reserved1|reserved2|reserved
250|PHX|2015-3-7|69|55|83|52|75|34|91|1931|1972|0.00|0.04|0.71|reserved1|reserved2|reserved
251|PHX|2015-3-8|69|55|83|52|75|32|92|1969|1989|0.00|0.03|0.84|reserved1|reserved2|reserved
252|PHX|2015-3-9|70|56|84|52|75|29|94|1964|1972|0.00|0.04|0.98|reserved1|reserved2|reserved
253|PHX|2015-3-10|73|58|87|53|75|34|95|1964|1972|0.00|0.04|0.52|reserved1|reserved2|reserved
254|PHX|2015-3-11|73|59|87|53|76|33|94|1899|1900|0.00|0.03|1.40|reserved1|reserved2|reserved
255|PHX|2015-3-12|77|68|86|53|76|34|94|1909|1900|0.00|0.04|1.10|reserved1|reserved2|reserved
256|PHX|2015-3-13|74|60|88|53|76|32|92|1954|1972|0.00|0.04|0.51|reserved1|reserved2|reserved
257|PHX|2015-3-14|76|63|88|53|76|33|95|1969|2013|0.00|0.03|1.07|reserved1|reserved2|reserved
258|PHX|2015-3-15|76|63|89|53|77|31|92|1962|2007|0.00|0.04|0.79|reserved1|reserved2|reserved
259|PHX|2015-3-16|78|65|90|54|77|34|99|1917|2007|0.00|0.04|1.14|reserved1|reserved2|reserved
260|PHX|2015-3-17|78|64|91|54|77|31|99|1917|2007|0.00|0.03|0.54|reserved1|reserved2|reserved
261|PHX|2015-3-18|72|62|81|54|77|36|94|1954|2007|0.02|0.03|0.25|reserved1|reserved2|reserved
262|PHX|2015-3-19|65|60|70|54|78|34|92|1898|2004|0.01|0.04|0.54|reserved1|reserved2|reserved
263|PHX|2015-3-20|71|61|81|54|78|35|95|1898|2004|0.00|0.03|0.86|reserved1|reserved2|reserved
264|PHX|2015-3-21|73|60|85|54|78|35|97|1955|2004|0.00|0.02|0.27|reserved1|reserved2|reserved
265|PHX|2015-3-22|75|60|89|55|78|32|94|1897|1990|0.00|0.03|0.81|reserved1|reserved2|reserved
266|PHX|2015-3-23|75|61|88|55|79|31|93|1897|1990|0.00|0.03|0.52|reserved1|reserved2|reserved
267|PHX|2015-3-24|73|59|86|55|79|36|94|1949|1990|0.00|0.03|0.40|reserved1|reserved2|reserved
268|PHX|2015-3-25|75|62|88|55|79|34|93|1929|1990|0.00|0.02|0.64|reserved1|reserved2|reserved
269|PHX|2015-3-26|77|64|89|55|79|35|100|1913|1988|0.00|0.03|1.19|reserved1|reserved2|reserved
270|PHX|2015-3-27|79|63|95|55|80|33|98|1898|1986|0.00|0.02|0.65|reserved1|reserved2|reserved
271|PHX|2015-3-28|80|64|95|56|80|34|95|1898|1986|0.00|0.02|0.91|reserved1|reserved2|reserved
272|PHX|2015-3-29|81|65|97|56|80|36|97|1907|2015|0.00|0.02|0.42|reserved1|reserved2|reserved
273|PHX|2015-3-30|83|70|96|56|81|38|97|1898|2004|0.00|0.02|0.14|reserved1|reserved2|reserved
274|PHX|2015-3-31|82|68|95|56|81|32|95|1897|2015|0.00|0.02|0.27|reserved1|reserved2|reserved
275|PHX|2015-4-1|79|67|91|56|81|37|100|1904|2011|0.00|0.02|0.46|reserved1|reserved2|reserved
276|PHX|2015-4-2|76|64|87|57|81|37|98|1917|1943|0.00|0.01|0.68|reserved1|reserved2|reserved
277|PHX|2015-4-3|73|60|86|57|82|38|97|1906|1943|0.00|0.02|0.69|reserved1|reserved2|reserved
278|PHX|2015-4-4|76|62|89|57|82|39|98|1955|1961|0.00|0.02|0.43|reserved1|reserved2|reserved
279|PHX|2015-4-5|75|61|89|57|82|37|98|1921|1989|0.00|0.01|1.30|reserved1|reserved2|reserved
280|PHX|2015-4-6|74|61|86|57|82|38|102|1909|1989|0.00|0.02|0.56|reserved1|reserved2|reserved
281|PHX|2015-4-7|71|58|84|58|83|38|104|1922|1989|0.00|0.02|0.19|reserved1|reserved2|reserved
282|PHX|2015-4-8|70|61|78|58|83|39|104|1929|1989|0.00|0.01|0.99|reserved1|reserved2|reserved
283|PHX|2015-4-9|69|54|83|58|83|40|102|1953|1989|0.00|0.02|0.36|reserved1|reserved2|reserved
284|PHX|2015-4-10|72|57|87|58|84|35|100|1922|1989|0.00|0.01|0.83|reserved1|reserved2|reserved
285|PHX|2015-4-11|73|60|86|59|84|39|98|1979|1989|0.00|0.01|1.05|reserved1|reserved2|reserved
286|PHX|2015-4-12|76|65|86|59|84|40|99|1967|1936|0.00|0.01|0.27|reserved1|reserved2|reserved
287|PHX|2015-4-13|77|63|90|59|84|39|99|1927|1962|0.00|0.01|0.16|reserved1|reserved2|reserved
288|PHX|2015-4-14|81|67|94|60|85|40|103|1945|1925|0.00|0.01|0.38|reserved1|reserved2|reserved
289|PHX|2015-4-15|75|65|84|60|85|40|101|1970|1962|0.00|0.00|0.30|reserved1|reserved2|reserved
290|PHX|2015-4-16|66|56|75|60|85|40|101|1924|1984|0.00|0.01|0.67|reserved1|reserved2|reserved
291|PHX|2015-4-17|69|55|82|61|86|38|100|1924|1987|0.00|0.01|0.45|reserved1|reserved2|reserved
292|PHX|2015-4-18|75|59|90|61|86|38|100|1896|1962|0.00|0.00|0.21|reserved1|reserved2|reserved
293|PHX|2015-4-19|77|62|92|61|86|37|103|1968|1989|0.00|0.01|0.82|reserved1|reserved2|reserved
294|PHX|2015-4-20|79|65|93|61|87|38|105|1933|1989|0.00|0.01|0.41|reserved1|reserved2|reserved
295|PHX|2015-4-21|78|65|91|62|87|42|103|1967|1989|0.00|0.00|0.44|reserved1|reserved2|reserved
296|PHX|2015-4-22|77|65|89|62|87|39|105|1904|2012|0.00|0.01|0.90|reserved1|reserved2|reserved
297|PHX|2015-4-23|73|62|83|62|87|40|103|1923|2012|0.00|0.00|0.57|reserved1|reserved2|reserved
298|PHX|2015-4-24|70|62|78|63|88|41|99|1923|1987|0.02|0.00|0.17|reserved1|reserved2|reserved
299|PHX|2015-4-25|69|56|81|63|88|41|102|1964|1898|0.02|0.01|0.33|reserved1|reserved2|reserved
300|PHX|2015-4-26|65|54|75|63|88|42|101|1964|1992|0.14|0.00|0.20|reserved1|reserved2|reserved
301|PHX|2015-4-27|72|57|87|64|89|45|104|1963|1992|0.00|0.01|0.34|reserved1|reserved2|reserved
302|PHX|2015-4-28|81|68|93|64|89|45|104|1896|1992|0.00|0.00|0.65|reserved1|reserved2|reserved
303|PHX|2015-4-29|84|71|96|64|89|43|105|1970|1992|0.00|0.01|0.22|reserved1|reserved2|reserved
304|PHX|2015-4-30|85|70|99|65|90|39|102|1967|1943|0.00|0.00|0.17|reserved1|reserved2|reserved
305|PHX|2015-5-1|86|70|101|65|90|42|103|1915|1985|0.00|0.00|0.27|reserved1|reserved2|reserved
306|PHX|2015-5-2|85|72|98|65|90|40|107|1967|1947|0.00|0.01|0.47|reserved1|reserved2|reserved
307|PHX|2015-5-3|86|75|96|66|91|39|109|1899|1947|0.00|0.00|0.09|reserved1|reserved2|reserved
308|PHX|2015-5-4|75|65|85|66|91|45|106|1899|1947|0.24|0.01|0.91|reserved1|reserved2|reserved
309|PHX|2015-5-5|77|67|86|66|91|45|105|1964|1989|0.00|0.00|0.46|reserved1|reserved2|reserved
310|PHX|2015-5-6|80|69|90|67|92|44|105|1964|1947|0.00|0.00|0.12|reserved1|reserved2|reserved
311|PHX|2015-5-7|76|65|86|67|92|45|108|1896|1989|0.00|0.01|0.15|reserved1|reserved2|reserved
312|PHX|2015-5-8|68|61|75|67|92|40|110|1965|1989|0.0|0.00|0.12|reserved1|reserved2|reserved
313|PHX|2015-5-9|67|57|77|68|93|45|108|1950|1934|0.00|0.00|0.46|reserved1|reserved2|reserved
314|PHX|2015-5-10|75|61|89|68|93|46|111|1930|1934|0.00|0.01|0.78|reserved1|reserved2|reserved
315|PHX|2015-5-11|82|67|96|68|93|43|110|1905|1934|0.00|0.00|0.17|reserved1|reserved2|reserved
316|PHX|2015-5-12|81|70|91|68|94|48|109|1905|1996|0.00|0.01|0.22|reserved1|reserved2|reserved
317|PHX|2015-5-13|80|69|91|69|94|48|108|1962|1978|0.00|0.00|0.08|reserved1|reserved2|reserved
318|PHX|2015-5-14|79|70|87|69|94|50|107|1907|1927|0.00|0.00|0.21|reserved1|reserved2|reserved
319|PHX|2015-5-15|67|57|76|69|95|50|107|1968|1937|0.93|0.01|0.93|reserved1|reserved2|reserved
320|PHX|2015-5-16|66|57|75|70|95|49|106|1955|1997|0.0|0.00|0.08|reserved1|reserved2|reserved
321|PHX|2015-5-17|75|64|86|70|95|49|108|1943|1970|0.00|0.01|0.09|reserved1|reserved2|reserved
322|PHX|2015-5-18|78|65|90|70|95|44|107|1903|1970|0.00|0.00|0.06|reserved1|reserved2|reserved
323|PHX|2015-5-19|76|65|87|70|96|48|110|1903|2008|0.00|0.00|0.23|reserved1|reserved2|reserved
324|PHX|2015-5-20|80|67|93|71|96|49|108|1902|2008|0.00|0.01|0.73|reserved1|reserved2|reserved
325|PHX|2015-5-21|82|72|91|71|96|48|109|1902|2005|0.00|0.00|0.42|reserved1|reserved2|reserved
326|PHX|2015-5-22|74|66|82|71|97|48|109|1962|2000|0.00|0.00|0.28|reserved1|reserved2|reserved
327|PHX|2015-5-23|74|64|83|71|97|49|109|1965|2001|0.00|0.01|0.12|reserved1|reserved2|reserved
328|PHX|2015-5-24|76|66|85|72|97|52|109|1944|1983|0.00|0.00|0.34|reserved1|reserved2|reserved
329|PHX|2015-5-25|80|67|92|72|98|48|108|1965|2001|0.00|0.00|0.05|reserved1|reserved2|reserved
330|PHX|2015-5-26|84|71|96|72|98|48|112|1916|1951|0.00|0.01|0.14|reserved1|reserved2|reserved
331|PHX|2015-5-27|85|73|97|72|98|48|111|1917|1951|0.00|0.00|0.05|reserved1|reserved2|reserved
332|PHX|2015-5-28|85|71|98|73|99|53|113|1929|1983|0.00|0.00|0.27|reserved1|reserved2|reserved
333|PHX|2015-5-29|88|73|103|73|99|50|112|1918|1910|0.00|0.00|0.08|reserved1|reserved2|reserved
334|PHX|2015-5-30|90|74|105|73|99|51|114|1918|1910|0.00|0.01|0.01|reserved1|reserved2|reserved
335|PHX|2015-5-31|93|78|107|73|100|54|109|1918|2001|0.00|0.00|0.10|reserved1|reserved2|reserved
336|PHX|2015-6-1|92|78|105|74|100|50|111|1917|2012|0.00|0.00|0.02|reserved1|reserved2|reserved
337|PHX|2015-6-2|90|76|104|74|100|53|110|1917|1977|0.00|0.00|0.14|reserved1|reserved2|reserved
338|PHX|2015-6-3|88|74|102|74|101|51|112|1965|2006|0.00|0.00|0.41|reserved1|reserved2|reserved
339|PHX|2015-6-4|85|73|97|75|101|49|113|1908|1990|0.00|0.00|0.16|reserved1|reserved2|reserved
340|PHX|2015-6-5|81|72|90|75|101|55|112|1932|1990|0.16|0.00|0.16|reserved1|reserved2|reserved
341|PHX|2015-6-6|85|73|97|75|102|58|110|1967|2002|0.03|0.00|0.11|reserved1|reserved2|reserved
342|PHX|2015-6-7|86|71|100|75|102|56|115|1963|1985|0.00|0.00|0.06|reserved1|reserved2|reserved
343|PHX|2015-6-8|92|78|105|76|102|55|115|1950|1985|0.00|0.00|0.15|reserved1|reserved2|reserved
344|PHX|2015-6-9|89|83|95|76|103|54|114|1907|1985|0.0|0.00|0.07|reserved1|reserved2|reserved
345|PHX|2015-6-10|88|80|95|76|103|55|111|1965|1978|0.0|0.00|0.26|reserved1|reserved2|reserved
346|PHX|2015-6-11|91|82|100|76|103|55|114|1913|1918|0.00|0.00|0.02|reserved1|reserved2|reserved
347|PHX|2015-6-12|91|78|104|77|103|59|112|1913|1974|0.00|0.00|0.92|reserved1|reserved2|reserved
348|PHX|2015-6-13|93|80|105|77|104|59|114|1917|1936|0.00|0.00|0.04|reserved1|reserved2|reserved
349|PHX|2015-6-14|95|83|107|77|104|56|115|1922|1974|0.00|0.00|0.02|reserved1|reserved2|reserved
350|PHX|2015-6-15|99|86|112|78|104|54|115|1907|1974|0.00|0.00|0.08|reserved1|reserved2|reserved
351|PHX|2015-6-16|99|85|112|78|104|54|115|1907|1974|0.00|0.00|0.01|reserved1|reserved2|reserved
352|PHX|2015-6-17|100|86|114|78|105|54|114|1965|1896|0.00|0.00|0.19|reserved1|reserved2|reserved
353|PHX|2015-6-18|101|86|115|78|105|54|115|1921|1989|0.00|0.01|0.25|reserved1|reserved2|reserved
354|PHX|2015-6-19|100|85|114|79|105|61|115|1965|1968|0.00|0.00|0.19|reserved1|reserved2|reserved
355|PHX|2015-6-20|96|80|112|79|105|61|115|1964|1968|0.00|0.00|0.15|reserved1|reserved2|reserved
356|PHX|2015-6-21|99|88|109|79|105|57|115|1923|1968|0.00|0.00|0.27|reserved1|reserved2|reserved
357|PHX|2015-6-22|97|85|109|80|106|56|116|1965|1988|0.00|0.00|1.37|reserved1|reserved2|reserved
358|PHX|2015-6-23|99|87|111|80|106|61|116|1923|1974|0.00|0.00|0.84|reserved1|reserved2|reserved
359|PHX|2015-6-24|100|87|112|80|106|62|118|1945|1929|0.00|0.00|0.26|reserved1|reserved2|reserved
360|PHX|2015-6-25|100|90|110|80|106|60|120|1965|1990|0.00|0.00|0.34|reserved1|reserved2|reserved
361|PHX|2015-6-26|98|89|107|81|106|62|122|1963|1990|0.00|0.00|0.07|reserved1|reserved2|reserved
362|PHX|2015-6-27|99|90|108|81|106|55|118|1965|1990|0.01|0.00|0.04|reserved1|reserved2|reserved
363|PHX|2015-6-28|99|87|110|81|106|59|118|1965|1990|0.00|0.01|0.26|reserved1|reserved2|reserved
364|PHX|2015-6-29|98|86|110|81|107|59|119|1913|2013|0.05|0.00|0.09|reserved1|reserved2|reserved
365|PHX|2015-6-30|96|85|107|82|107|64|115|1913|1950|0.00|0.00|0.21|reserved1|reserved2|reserved
